Exp_vote_LEGA;Exp_vote_FI;Exp_vote_FDI;Exp_vote_PD;Exp_vote_M5S;Exp_vote_AZIV;Exp_vote_ALTRI;Exp_vote_NONVOTO
0.0092320458768879;0.00648370165812365;0.30539888304028;0.0773623108667492;0.20007052949583;0.120786244504645;0.0252747715210597;0.255391513036424
0.0244956205578382;0.0856588281953927;0.261955054679438;0.0383838876083046;0.0787536681013792;0.0535924763394538;0.0976774725214906;0.359482991996703
0.0515103256233454;0.00441802512095629;0.0698128498002992;0.210821607481524;0.0352907660099957;0.0097294980400083;0.0686416632741034;0.549775264649767
2,78E+08;4,81E+08;0.0927320687070847;0.259036482543777;0.142658281217285;0.000598028129712957;0.0846544946116386;0.420313052068611
0.00825161823689082;0.0580435113597052;0.108196252819067;0.0860158878589165;0.0328737937338208;0.00812441513364491;0.413477596177609;0.285016924680346
0.00338650121530823;0.000220174795196201;0.0617695262581925;0.0456386437162306;0.176023638493203;0.088191102262339;0.00530641868629552;0.619463994573235
0.0956051331359617;0.00841060788544145;0.288582570855466;0.0278214641943118;0.0298087641470202;0.0179087036273094;0.276437363474047;0.255425392680442
0.0038896122773046;0.0180211430517724;0.143133970894201;0.0496746986181226;0.0539644087032047;0.0439863670859339;0.257518188992414;0.429811610377047
1,09E+09;0.00181749963501086;0.728571987137476;0.0401428976597305;0.0287393753530253;0.00944237196913003;0.0437617634241104;0.147513239945481
0.00450222773882081;5,03E+06;0.232260624885102;0.0451894350866733;0.00509710986100769;0.0313181758378689;0.00309146844840704;0.678540907826102
0.00147279194703468;0.0480845399758745;0.186180473073355;0.0903795916860926;0.0511207252944785;0.02943719194751;0.10116385438372;0.492160831691935
0.000431391353625234;0.00573231369902331;0.117246510649764;0.110514987525371;0.198430320813704;0.00151706953674416;0.0838231172679556;0.482304289153813
0.0291903464814837;0.00834427082678212;0.0714035004151466;0.162171152808253;0.0954832082060769;0.048455904939793;0.129270206483916;0.455681409838549
0.00744306974693725;0.101250685506138;0.0505860623525591;0.0425563528816641;0.05495544220661;0.0421871610791416;0.294900876197366;0.406120350029584
0.000149221769160223;0.0174736283413599;0.00399320716395639;0.178666127137041;0.0958343586031584;0.000139872102788587;0.0247415442569214;0.679002040625614
0.0405526463872641;0.024070876458514;0.272294247720488;0.0771489944231398;0.101047236556763;0.0427593980961698;0.109488956290844;0.332637644066817
0.0486423359003002;0.0551778983880141;0.181807646725709;0.213568561858143;0.05547179465004;0.0835771778723977;0.149665887541265;0.212088697064131
0.000194980071199035;0.410322950149563;0.0549015474435667;0.00225478162850008;0.0645013219735883;0.00189554839597121;0.0308984588221503;0.435030411515462
0.00100825020358212;0.00500360261217928;0.0119082217288926;0.00646200652206044;0.72106401765985;0.00292569201473295;0.0207661446897491;0.230862064568953
0.0426280232451889;0.00673350269927062;0.127804976639279;0.0567850315262952;0.217060702207114;0.0534718634942379;0.0426500995665627;0.452865800622052
0.0244663233691697;0.000432425448786872;0.184023293877385;0.0549625235514426;0.00354457178850545;0.0133238915732022;0.0157580327683312;0.703488937623177
0.0059890151591025;0.271298060891996;0.230888940018906;0.0744242263101099;0.0804119817842562;0.0642562314891996;0.0165399229355967;0.256191621410834
0.0210315128476416;0.000394115139300636;0.149510661876316;0.00236179359300571;0.200436298531023;0.264642210854961;0.0408175182207381;0.320805888937013
0.000715425183537069;0.00449081902562238;0.610003253293695;0.0404284233612225;0.0594056496050233;0.00277305237749236;0.00242477151422449;0.279758605639183
0.0128926681247569;0.0149696477318526;0.31107052420742;0.0789628527817297;0.1993776411563;0.0688644378418207;0.0432859090035623;0.270576319152558
0.000325035114324463;0.0428199809384189;0.00229338352563201;0.0330260030789536;0.0744298488755241;0.0373849818232849;0.113479861364525;0.696240905279337
0.000130957202336273;0.242270478734134;0.0225110919840659;0.00643909580624042;0.0776813400777046;0.000404799751711843;0.00687358414854821;0.643688652295259
0.0148821376293988;0.0161106112098369;0.0840717232938804;0.0822589627812662;0.0720606876794498;0.00951488943315934;0.331598184818817;0.389502803154192
0.000741554663654056;0.000959097271175471;0.00385149979786938;0.224374125127043;0.0832094253437795;0.0468883668066447;0.0612704526956408;0.578705478294193
0.0140563593133585;0.0013700321389532;0.10130104132436;0.00356395299324897;0.140703463300116;0.0453427295864105;0.0710682214145249;0.622594199929028
0.079128966395522;0.04121557012534;0.204489438282857;0.109323563870683;0.167273053956502;0.0679650119001251;0.0794674320196945;0.251136963449277
0.00131055443332447;0.00141344857188344;0.0889564746958112;0.159670885666594;0.303462921495683;0.0196460748532481;0.020830254673281;0.404709385610175
0.00599571724335436;0.0039265615733126;0.156428992780934;0.0477105769743468;0.188552745593268;0.0483765502338388;0.0750343263088564;0.47397452929209
0.0218562689333417;0.024618603596641;0.0561042669408528;0.0810593973135039;0.054498922595715;0.037532693968574;0.279736569696053;0.444593276955319
0.000244578817582451;0.000566704573926593;0.00190352769828873;0.0770425935386219;0.0171133987956121;0.576465753974655;0.00177228868212121;0.324891153919192
0.0162868310548732;0.0535855890851598;0.233500399994542;0.13144274274843;0.186122642423335;0.0429916313882307;0.0887366054909072;0.247333557814522
0.0167024858278929;0.0729667414024919;0.213996829157531;0.100755462707479;0.142092705478811;0.111107432769855;0.0824917743958754;0.259886568260064
3,96E+08;0.000412709605930393;0.0245426043583022;0.0456601027750643;0.00190886189571893;0.000612366025971761;0.043203785144121;0.883619950363936
0.0106444114356919;0.0233619595210052;0.0418420347339485;0.0125398854814637;0.247551703849128;0.00995285946643753;0.0287528198004388;0.625354325711887
0.000714183237746376;0.000572686573629684;0.0186758236629048;0.0258660483456962;0.0465495835968822;0.0503431402833439;0.199083735707239;0.658194798592558
0.000835553288797622;0.00049960290327514;0.00405588963645163;0.00298769267344245;0.547574385632456;0.00338999560796231;0.00321010233995624;0.437446777917659
0.000605713171221246;0.00199901284109276;0.027757879804789;0.0139602116842893;0.173060863934209;0.018239639925626;0.0837704332511073;0.680606245387666
4,51E+06;3,75E+01;0.000211983836178306;0.886110313561255;1,76E+09;1,46E+06;1,70E+08;0.11365798525054
0.0119505983634343;0.0940057957309679;0.173981455088736;0.160023430210457;0.0247373392222959;0.0222377450728238;0.0929075388613678;0.420156097449917
0.0352142395666407;0.0534797869591533;0.221499957775195;0.036398238407571;0.0999708623366297;0.0676692398801101;0.212355196822379;0.27341247825232
0.02321741790402;0.0830681963400147;0.0361251837838368;0.0172749398274372;0.389066647169494;0.0706254531099332;0.032813693525611;0.347808468339653
0.0166136603011938;0.0870180294320008;0.0518324482639937;0.247272215156685;0.0738192204916734;0.0936425537033651;0.0705507581281507;0.359251114522938
0.0153756129580722;0.0506175595916535;0.085291378388915;0.0826349963964306;0.152274621235558;0.123604326746855;0.0408734813165495;0.449328023365966
0.000836855068243351;0.000622712426690711;0.0111925313749548;0.123355779216778;0.178580482962984;0.00475237973917605;0.269649721642474;0.4110095375687
0.0110084148293446;0.00886996740411481;0.241372650365488;0.206561418670988;0.102373100259751;0.0298522525790046;0.0290782276386257;0.370883968252683
0.0318847897953298;0.00417000585620415;0.155207801808672;0.228073321618227;0.0736276572997136;0.0026645830134677;0.159480218324646;0.34489162228374
0.0423314135079468;0.0249549676630497;0.0738405250763115;0.155385248296112;0.2671415032035;0.0320512077578757;0.17362562830445;0.230669506190754
0.000225917773604393;0.000100301350777284;0.168750799426652;0.0208090555181664;0.289280213917781;0.00749160600352078;0.121274829331718;0.39206727667778
0.0335568874887226;0.0321458017053831;0.193928280390404;0.11651656173714;0.148494161698722;0.0394034779457046;0.111818759920536;0.324136069113387
0.000653900400604176;0.000327591732234611;0.00740623084559071;0.227071096239643;0.0543211138917418;0.211984489491416;0.00489386033855198;0.493341717060218
0.0381138478761909;0.0644807250839854;0.0331901100633947;0.181920526948827;0.105073091488863;0.0442427715745354;0.0913918232193731;0.441587103744831
0.00373930353148397;0.014276020064315;0.0555060106645914;0.168727894409488;0.146154696825431;0.0714921058539508;0.0311530545018381;0.508950914148901
0.0559230309329466;0.0645459256725268;0.12032560396291;0.145190072493614;0.238473899155532;0.0671189000665732;0.109814342554053;0.198608225161845
0.0560201201550585;0.0184143285735403;0.0807427864905108;0.250060329097896;0.0385941310006452;0.176003842901925;0.124917367142253;0.255247094638171
0.00447536473811059;0.0140553329381805;0.300687506198226;0.262683989825987;0.0248043791242598;0.0456705932048291;0.0017113739854144;0.345911459984993
0.0124681989010762;0.00923086914985463;0.0293753283307655;0.217068525008486;0.0216020154299659;0.17245255225167;0.0987581134094972;0.439044397518684
0.0734961971943148;0.0353004058287848;0.0762517555451395;0.134014952507943;0.275555130703107;0.0447253597723497;0.160011210706659;0.200644987741702
0.108148769601025;0.00220676510964827;0.15675047853067;0.430520436598161;0.0109820571310591;0.006514480676533;0.0388963819221371;0.245980630430766
0.00100963903526849;2,77E+09;0.00681895681566479;0.0270784508182452;0.0171949880302487;0.00277610300746809;0.00492140416091519;0.940172743449441
0.0292272223421679;0.0293857569139499;0.198206651432199;0.127436757957238;0.194635948206386;0.0708066392152435;0.0678898644270957;0.28241115950572
0.0606768772440868;0.0402751362163649;0.0545089418010785;0.279898235931768;0.0785244478548902;0.0758086756663348;0.115128546000372;0.295179139285105
0.0150180843957884;0.042865643401192;0.122554845109401;0.0785666165968855;0.0869946689492646;0.0336694001524657;0.136891350429898;0.483439390965105
0.0440541564462223;0.0327025251363342;0.244336985193468;0.0563511657446888;0.0625906923943569;0.0810355397086901;0.158815333129056;0.320113602247184
0.0575067728460848;0.0193432733501303;0.0844378426184007;0.206759707048939;0.11793230388113;0.0385301245804476;0.0912075611235956;0.384282414551272
0.140947089983671;0.0365663307620701;0.10156648719498;0.144499783301788;0.175915197256428;0.0564244538694637;0.107830246893303;0.236250410738296
0.00664935764819274;0.0104759833880576;0.132878410808532;0.152531233281989;0.0621614396799311;0.15614313086931;0.0674474282631774;0.411713016060811
0.0447711457110208;0.0296666451355607;0.212121579163645;0.0989647885085779;0.0961462374155556;0.0498391991784131;0.0362892301314341;0.432201174755793
2,21E+07;5,39E+09;0.00289521017863208;0.884685770481869;0.00350793565893134;0.00687991122687343;0.0043226125622001;0.0976544665628493
0.00100739643201866;0.00023465298726246;0.117240903183766;0.00334843825571006;0.485094576567975;0.0118094095123876;0.0367868988477334;0.344477724213147
0.0587060057165798;0.0266010200931108;0.0295571126382926;0.162663161774959;0.0900126563867112;0.0410149909010342;0.292104610695064;0.299340441794249
0.090661094578857;0.0603130286267925;0.185363324926791;0.0827588629106314;0.195834390000412;0.062492214055999;0.0669085051771065;0.255668579723411
0.0104864072667954;0.00284988068746952;0.187928878195395;0.198055380583515;0.0390329982182101;0.0123595722515003;0.0821979498141149;0.467088932983
0.000239694799875038;5,30E+09;0.0122758933542314;0.205018833828919;0.0160240878362109;0.0191019336144885;0.106075942974026;0.641210569830605
0.000486009069666375;0.00170914301490969;0.138890627363207;0.00926091248133984;0.00571359098700948;0.00432162629865947;0.0670831364341956;0.772534954351012
2,84E+09;0.00450117479533139;0.515374704749571;0.000851995932585525;0.026421128392287;0.0129150959700754;0.0111401453916498;0.428767321309965
0.00291060857795643;0.0464900082580769;0.0701178469686587;0.0158317923781732;0.0110761071983833;0.151067293401826;0.120798299403661;0.581708043813264
0.00871783403471603;0.0081675131395095;0.0313085226979273;0.0403343836051584;0.0852114805621765;0.0337620866865493;0.268222795378813;0.52427538389515
0.0240002516418783;0.0409674821010118;0.128739404671628;0.124109565271965;0.195655934902826;0.0125186009652562;0.129789838608561;0.344218921836873
0.0780167970768832;0.0303292510856302;0.197020913540646;0.0712965979159922;0.110791270395122;0.117923711996161;0.0841736351231995;0.310447822866366
0.00359314863933414;0.00466839788334342;0.137657848248185;0.234953633892931;0.0776447188404142;0.0104438552762958;0.137111853480639;0.393926543738857
0.00196265173459116;0.0183112572953447;0.2288406519588;0.114999421191103;0.0327198457164614;0.0367122903465332;0.205931602590436;0.36052227916673
0.0259332641672911;0.0077721598763444;0.153345769056807;0.115822338942222;0.105641531430385;0.0122065619966957;0.0224814699845885;0.556796904545667
0.00277208161499392;0.0351063521827682;0.0898975688420346;0.111749320684617;0.171472078150429;0.00190814338396219;0.092608442958552;0.494486012182643
0.00766842829020066;0.000157761864465856;0.00944267637365575;0.0323391535670894;0.172652761634142;0.160661792541017;0.11161485011404;0.50546257561539
0.00319521984144801;0.0245442335868184;0.137318539164495;0.0567038801079708;0.0837925953611322;0.0175156792134195;0.0457897963291616;0.631140056395555
0.0468212261542229;0.0794404390934816;0.0446164810795735;0.159122743764817;0.0909908257508618;0.04565953787137;0.247360699749766;0.285988046535908
0.0126609576779683;0.026958809713459;0.27930860067611;0.148288923332855;0.0571685562184747;0.0657443404055292;0.0678375563645325;0.342032255611072
0.00386571575876771;0.00750185917574069;0.0747283455080424;0.232765904482961;0.0607516373712562;0.0444251491770667;0.0878898824620475;0.488071506064118
0.0162560204066712;0.0265047688669269;0.0875532483739185;0.171002594144903;0.257356932932048;0.0469270393513146;0.112492605674504;0.281906790249713
0.00164528052783284;0.0160424326228459;0.238986949865361;0.0283003800168195;0.0447766376224323;0.0012190725714721;0.00034619679807788;0.668683049975159
0.0750829664014855;0.0390988347441587;0.124003872650631;0.0926155235694024;0.093694679701544;0.103569186153278;0.133979007692393;0.337955929087108
0.00358980172443592;0.00147864651990316;0.0561827417687766;0.00976344947791977;0.774680287488789;0.0134221463198687;0.0179421023161146;0.122940824384192
0.136704968486042;0.00255472771301618;0.218776225492569;0.0260922356320735;0.031631266493872;0.0126836521595669;0.0235120485304667;0.548044875492394
0.0263764850512221;0.0145775868852685;0.0953917743574769;0.0877288259872491;0.0481913025306489;0.270377254752033;0.0206455516082983;0.436711218827803
0.00886711366355662;0.046706230643363;0.0200652063324311;0.0943828554056251;0.162284552320156;0.08083595405825;0.131726740453868;0.45513134712275
0.0318655378644026;0.015437770157582;0.112902071741976;0.0627731752461013;0.0568811306009011;0.0385846449551756;0.260126179335279;0.421429490098582
0.0387554583709506;0.00737740261439137;0.170357096135026;0.04844598743686;0.068099795086444;0.0557222959583599;0.0320565259959485;0.57918543840202
0.004282538707787;0.00134118333343102;0.0218374359276585;0.0859579802681208;0.553458273885176;0.00163736658963426;0.00288682086496722;0.328598400423226
0.0660447878433118;0.0314135373107402;0.173533691023613;0.18642667585647;0.0937800244119342;0.10432950956107;0.113661589313476;0.230810184679386
2,87E+09;0.000260107284192548;0.00163119487893093;0.374459753306688;0.395811699062216;0.00216727585792463;0.00596449166399481;0.219676759487885
0.0213547830697626;0.0163897343748993;0.0328833370342925;0.164934370742769;0.0288982891434761;0.323635282938336;0.0940103839810701;0.317893818715395
0.0192023421717589;0.0420903123673186;0.0613363772452934;0.257756561363841;0.104333335769079;0.106544797752375;0.150459137451266;0.258277135879068
0.0370072780190082;0.0606015711315346;0.0392326679884736;0.0418672445273275;0.323297249428547;0.0487550272268305;0.0845037018802025;0.364735259798076
0.107902184800432;0.0592649895795375;0.132859889214473;0.13065809402844;0.0823296330662255;0.0501241954973175;0.137425547399063;0.299435466414511
0.0218790339060589;0.020101934097246;0.282563219416605;0.143031574787723;0.114908429453357;0.0254411147030947;0.101324911138139;0.290749782497776
0.0443098875662277;0.0421345062388103;0.163880212403475;0.101807193671984;0.13646291837942;0.0301024167383406;0.0910300563420062;0.390272808659736
0.0135290502387308;0.0144579204749819;0.05805944010736;0.125427356349481;0.0944298884522331;0.0796109279132846;0.306684025394034;0.307801391069894
0.000288621408680795;0.000322156771452544;0.5466310129753;0.052863340344178;0.00920265962584354;0.00456981002626855;0.0261228499981973;0.359999548850079
0.00712027564494746;0.00657190634691762;0.0176329281923467;0.00935677919750211;0.272075290815506;0.000894185157272946;0.00446123943963748;0.68188739520587
1,18E+09;0.0143498938494171;0.0943303353926978;0.0385910899408468;0.0741419019280878;0.00262154683399509;0.43985108948387;0.336102373343924
0.0210054400929485;0.0323571294501585;0.0655466786383881;0.0993599267015909;0.0475244906514198;0.0200815026840284;0.291166808985363;0.422958022796102
0.0689548445860069;0.026452499067173;0.179177506062565;0.235123280641619;0.124201696600239;0.0523292334871999;0.068380367200398;0.245380572354799
9,31E+04;1,55E+06;0.0021764992087943;2,62E+08;0.0320026893314926;6,23E+07;2,38E+06;0.965817524884303
0.0251825294063545;0.0959976020365769;0.0184299357974134;0.168327629724618;0.0795843923259344;0.0174502607756509;0.11649382270504;0.478533827228412
0.0465038946272224;0.000481816857284104;0.05070983248411;0.0414569057665969;0.100012175671628;0.00512924617721205;0.0873255437144991;0.668380584701447
0.0142059770958336;0.0224445099148614;0.136548130134714;0.343111040306855;0.0781372452120498;0.0404653392082056;0.0811583722311806;0.283929385896299
0.00637919913813372;0.00834041134371041;0.0908990133175879;0.110896245783833;0.0541755974292711;0.0996025020026996;0.255297356968519;0.374409674016244
1,18E+07;1,98E+09;0.753217588909111;9,24E+08;4,11E+06;0.00125870042303396;0.00155502399322159;0.243939523527283
0.0264970148108242;0.0154406286363135;0.219144642234924;0.0889328387909669;0.127097157461861;0.0376413290403636;0.1327862427785;0.352460146246247
0.00461767284307717;0.0022181175598511;0.000224479325763811;0.0126529213239172;0.00919020906637735;3,11E+07;0.000142746527070516;0.970950739229564
0.016791072585431;0.203147817966265;0.0912731971624133;0.111338806413306;0.0648378659021451;0.0871724948291603;0.0931116485757817;0.332327096565498
0.0826497977769842;0.0557709689087244;0.176739830023159;0.119802259760825;0.147458745446878;0.0636482949977233;0.0940477697929365;0.25988233329277
0.0020909032075189;0.0400433799805445;0.129761227431854;0.0751053690044023;0.0549641883605815;0.0574385549376333;0.212873823225297;0.427722553852169
0.000124752128826844;0.0182431272140397;0.0469319774887025;0.25189687340178;0.00685398769144736;0.0499765622496578;0.121089715633375;0.504883004192171
0.219118327562034;0.0104124391953519;0.185850684344459;0.136791654226985;0.0318071377703155;0.0197023722786115;0.117662368552931;0.278655016069312
0.000556230771106301;0.00338112036605463;0.19189367097543;0.0805270681783407;0.345087064216509;0.0182096063952287;0.0318456753308522;0.328499563766479
0.0268255898148354;0.0497330861116023;0.13292612445117;0.0133509529413112;0.171547363090869;0.0482720089449075;0.0476337618006564;0.509711112844648
2,69E+07;1,08E+06;1,19E+08;5,67E+06;0.00337280707497549;7,35E+03;0.00354364899374857;0.993082020523188
0.000530450991463005;0.0274066713022779;0.0134445085948585;0.118083928265867;0.329856056700439;0.00256840586156108;0.333173353213821;0.174936625069712
0.0104837486337077;0.00219227802536641;0.115036419808021;0.21329208335151;0.292616248880199;0.0721252167713229;0.00991862036880702;0.284335384161065
0.0582523514761565;0.0251013550897727;0.0426838237432908;0.163184960797277;0.0526964233085769;0.115473799131279;0.0783325702912658;0.464274716162381
0.0119590636505111;0.017053704351437;0.118146547933441;0.079156686152252;0.15822133218985;0.0228236127559077;0.0906751988614119;0.501963854105189
0.0122415306695584;0.0230546325402213;0.247875397779174;0.0461494668676801;0.0530943448012495;0.0730487973286697;0.0983670771765353;0.446168752836912
0.0117895073714171;0.0222495300322398;0.106558935652238;0.228531493630573;0.229444609093181;0.0361288731706153;0.0814311464370469;0.283865904612689
0.00562691407703301;0.0143536960423531;0.351071143623137;0.0644550984120804;0.117632716800707;0.0337437466602359;0.12626712783227;0.286849556552184
0.0239736256214612;0.0202628440246525;0.0502379332948981;0.0300095022114764;0.301795208720005;0.146394202807405;0.0892481899243766;0.338078493395725
0.0849532180667801;0.0150424825168989;0.280319770363524;0.0602486040384023;0.0973748994461406;0.0408459228520997;0.109487427717625;0.31172767499853
0.0102239437569871;0.108431089403242;0.0208701431786012;0.121606248465023;0.0543659680266946;0.0750746232648814;0.0488192258189909;0.56060875808558
4,33E+09;0.00216011721155257;0.0161231838049214;0.0118853108746434;0.0394774964054397;0.527204101794852;0.109369699570405;0.293736774734483
0.0286928884093227;0.00386683170829713;0.445808083909577;0.00950151005992271;0.0283014015168097;0.0035843799940996;0.0221787235120705;0.458066180889901
0.0416369916706224;0.0214532068199668;0.177335328385417;0.208350224221054;0.0590159812979813;0.116646042239407;0.107842239104983;0.267719986260568
0.0030426701803895;0.000762531588235696;0.0117868708944039;0.221092760185154;0.0936047098246726;0.000467844150739676;0.0554793528574928;0.613763260318912
0.0719529667526794;0.0476171364660093;0.230847655264715;0.11517559166815;0.0619356125595329;0.0503839588210434;0.023799634074932;0.398287444392938
0.0153590489756589;0.0150795333494614;0.0461794984377726;0.20304013494808;0.0455074377240945;0.227104699370764;0.0368598555886039;0.410869791605564
0.00798528742997505;0.0450470137340109;0.0346330526932817;0.404616008934362;0.140329707574629;0.0373801989248683;0.0413672331519261;0.288641497556947
0.0285705532183069;0.0298526098746422;0.144538683732774;0.104731137730324;0.211491376632091;0.0397391338264551;0.161210496233837;0.27986600875157
0.0200081509712757;0.00853831252324999;0.129941893969906;0.122086867674;0.206117837994507;0.0419198332880592;0.0932054085666938;0.378181695012308
0.0304129645405717;0.0550792097310259;0.170552875806601;0.143919788255885;0.228411182658761;0.0982448632647848;0.055921587559234;0.217457528183136
0.00349743435445273;0.0134151017579402;0.101668881170176;0.0875017809600344;0.114202958940128;0.00910005139735665;0.0686077857630154;0.602006005656896
0.0148972584346037;0.118840287150051;0.101680027893595;0.116188296908493;0.319471772778444;0.0536905760890517;0.0733293641265812;0.20190241661918
0.00848671943346454;0.0139860004710686;0.0732842957924887;0.0411397061667014;0.173142117155518;0.183549901560869;0.285162901238263;0.221248358181627
0.0682371264951314;0.0505302244735763;0.163690958860767;0.121001025441071;0.167950352338784;0.0466222366284311;0.114701337916584;0.267266737845656
0.0193966534241051;0.035511090777049;0.288964186872923;0.143141595639514;0.0993846423745591;0.00797407238219387;0.0337045422952129;0.371923216234443
0.0234413450964204;0.0226254991895843;0.0669474574696982;0.203528941515257;0.219586110449084;0.0200776355929625;0.013023279659285;0.430769731027709
0.0656816423827387;0.0168911620796821;0.129550213932556;0.191166436026217;0.102678376992875;0.128732801943269;0.086668114548247;0.278631252094414
0.0036266794091353;0.0391681733233046;0.098899571445316;0.224695199307959;0.13796771609131;0.0846541073880147;0.0301436360877961;0.380844916947165
0.0258748064075743;0.0195280768619074;0.35302906941088;0.0134247365629712;0.0318130590750693;0.127935249468345;0.0488321897234978;0.379562812489755
0.132469854833917;0.0704379355992558;0.0528335138875172;0.105141771564082;0.116159682838935;0.0159447787033143;0.166197615173155;0.340814847399824
0.00240509531689436;0.00245916969608068;0.509466641626677;0.162022749129822;0.0222654470067169;0.014880753420732;0.00595680241572305;0.280543341387353
0.000502308236707939;0.0911668310659223;0.031262540330709;0.347948494719005;0.0307000484724173;0.0437894044209748;0.0623048701842981;0.392325502569966
0.00262420595049707;0.00889046103286018;0.208211936327154;0.0848780150817632;0.204818746934296;0.0190106931946556;0.138159899326834;0.333406042151941
8,55E+09;0.000580859563731202;0.0238216858559361;0.221986478613293;0.037386172991344;0.293294106550201;0.0237982276364655;0.399046994357374
0.027706872188617;0.0146357870023012;0.121048676888827;0.211442847652278;0.127770453099496;0.057751122107297;0.0598727151444758;0.379771525916707
0.040828160475508;0.0432054417356236;0.201031204507929;0.101991794856738;0.178346827028746;0.0485485366989812;0.111103425838657;0.274944608857818
0.00154632426731763;0.0193173325649061;0.0777400509042069;0.0648618504671986;0.23247326404826;0.238400575063202;0.0292670495902614;0.336393553094647
0.000219444352077576;0.000116757672526589;0.0543954898201638;0.0465486699805781;0.0292724744415954;0.000112118472338125;0.00160876019860449;0.867726285062116
0.0149713029331852;0.00378232334469176;0.437948016770107;0.0148253621874909;0.169672901503883;0.0358048847614805;0.0666576329394609;0.256337575559701
1,68E+01;3,49E+03;0.00034263824661847;0.000991282588586248;6,87E+04;1,48E+07;0.000168737160186156;0.998497193050602
0.00682616653539376;0.0138329824487144;0.107417997949298;0.0225152922501126;0.113299240216897;0.0667941919933205;0.0525791398854029;0.616734988720861
0.0184038017744439;0.000944660238883925;0.0296756031123672;0.0032577335302195;0.0226142972336155;0.0003790408586154;0.00482385698337377;0.919901006268481
0.0119852362301163;0.0148432124222739;0.0617380579973228;0.410268081726455;0.155786790731819;0.00819089720556045;0.0556241659447696;0.281563557741683
0.0109424311198401;0.0290064492504054;0.134063262782746;0.348731500062667;0.077340675557551;0.0637946740466561;0.0297790244677315;0.306341982712403
0.0534938418163161;0.0172631557447212;0.114603363359268;0.229345209519766;0.066973538844326;0.0199312069531765;0.0191606272568519;0.479229056505574
0.048243404696474;0.0157975488648619;0.227998299766007;0.160488582308769;0.171683757260974;0.050155903625412;0.0594726386547441;0.266159864822758
0.00958791148741146;0.0239555156954918;0.200322188665268;0.301960840785782;0.0508107815958151;0.00547564063119092;0.065002685390936;0.342884435748105
0.0110219284981222;0.00318575393801187;0.0419330078371223;0.63314906334088;0.024859339039859;0.00926511236206201;0.0138524472513579;0.262733347732585
0.0263756842896987;0.0636837594060539;0.0835626357893963;0.138119827514851;0.0848621334698989;0.0994097844441497;0.236169390614589;0.267816784471363
0.000230686975629755;0.000580912426329305;0.21554849306561;0.141892143781126;0.00988168791603556;0.114688060355921;0.0622864232139347;0.454891592265413
0.00438583642512095;0.0109487151027054;0.0452509427450854;0.269319784898146;0.0474959485652372;0.284939104458832;0.037746534595134;0.29991313320974
0.0865556399634504;0.0114246853930766;0.0920124879864141;0.113687109293049;0.0499442199895753;0.00405408718818714;0.0600980683451767;0.582223701841071
0.00194480360638174;0.0113129779607956;0.262036696654688;0.149410590995268;0.140289568287834;0.0357434233681961;0.0659058062666478;0.33335613286019
0.022157183806249;0.054484816242631;0.0605122101977919;0.0752212534557643;0.158371778836613;0.28024421122438;0.0779634747245407;0.27104507151203
0.0144504916783155;0.0083674359323899;0.058447318209884;0.157769160357944;0.103654945879042;0.0557226095051891;0.01571533413284;0.585872704304396
0.00238844231325797;0.000960191395012883;0.0444616211730273;0.244950710809285;0.118851873748921;0.315267078458558;0.00466510222914341;0.268454979872794
0.015065038355341;0.0156090117266502;0.397587852316738;0.0297387441792279;0.0335480656507296;0.0342512814233818;0.0710971046543668;0.403102901693565
0.00565919038956177;0.0159344205726157;0.0479283790247073;0.156608216249444;0.02530484402968;0.304426480298535;0.134584249773976;0.30955421966148
0.00216661491800432;0.0199108732034091;0.249966940499343;0.0396730423417854;0.046009891332742;0.122246148606596;0.0862019932070167;0.433824495891104
0.0674014243491881;0.046674998821941;0.120300906786818;0.15941358410046;0.0687304463065178;0.0831402204446376;0.197123802853524;0.257214616336913
0.00214424582830662;0.0096890595346339;0.044234603211981;0.175663002226802;0.158470603822935;0.0255309662295936;0.221815037673518;0.36245248147223
0.0127071400780143;0.0485230904250399;0.162832555433582;0.250601730277321;0.0533697211579452;0.108850131459358;0.0822545741400846;0.280861057028654
0.00594811595926355;0.0714228730991187;0.11665187643386;0.055928864612469;0.12119022709765;0.175953759636758;0.114477311852756;0.338426971308125
0.0159462458516166;0.0160565086134643;0.0829515070283874;0.207666092314415;0.0305925175949747;0.0345091397576829;0.258803745898329;0.35347424294113
0.00883006970530014;0.012853095733841;0.0828816218511549;0.186185950204797;0.112732465831288;0.038003078899005;0.0680812501981152;0.490432467576499
0.00251277237965234;0.0132176869372973;0.093630116894507;0.114578870707917;0.11177131537378;0.00244064521756777;0.0371406917893699;0.624707900699909
0.0028027904165116;0.114104993682638;0.307447655983581;0.00836095009687148;0.118420321270563;0.0328114072701076;0.032171807034633;0.383880074245094
0.0556502033651255;0.142801487122932;0.137402630887195;0.131088677389867;0.0597509810352578;0.129735614403167;0.0967027344509716;0.246867671345485
0.0104176030235546;0.0189501725507847;0.0227002973438489;0.0341263064429454;0.74580136406138;0.0104326808806629;0.0440017183907504;0.113569857306074
0.0273432230347833;0.0899538087711101;0.266283566488409;0.209949728711549;0.0691481131462676;0.0314909866240817;0.0539403247606024;0.251890248463197
0.0145923767363765;0.040416287136198;0.204314471330393;0.125415885863711;0.218842453173204;0.0284362479322059;0.0477089558068022;0.320273322021109
0.027906689095733;0.0177692956808407;0.182712922133;0.254864174518787;0.204682557153932;0.0346319249518975;0.00698210099327753;0.270450335472532
0.00142137482142641;3,32E+09;0.0115242757058545;0.00249222892967804;0.00483671241581633;0.000968432502363869;0.00122065668269587;0.977503119846017
0.0401960087785636;0.162013956515335;0.0999060905458619;0.110280499780097;0.111085162482586;0.0600265135655754;0.0409358741924017;0.375555894139579
0.0567837878727736;0.0653253776599914;0.18809445808515;0.0695180406757407;0.14697142493016;0.0383465770460612;0.0524695555021042;0.382490778228019
0.0341790824608043;0.077729471624986;0.0754956088120088;0.149864939705109;0.176835710035395;0.0625895361430021;0.166093987952692;0.257211663266004
0.0253139035798661;0.0219881764338816;0.0752926918666785;0.0267505064134939;0.024105312813659;0.0210313064694566;0.131201614116109;0.674316488306855
0.0809351494662084;0.0419489507490082;0.126721275889592;0.100034668300411;0.170968736332148;0.142037599679909;0.0703259561823578;0.267027663400366
0.0636855919041227;0.00595863472537212;0.0467177801686891;0.333467783365567;0.16158413593555;0.0191087053781979;0.0998995553246408;0.26957781319786
0.00499871366500363;0.026767254032263;0.0451143926600484;0.0262696577411524;0.0539435593359262;0.0115997440129724;0.01342526829912;0.817881410253514
5,16E+07;1,51E+09;0.00494759214876019;0.118161137662811;0.00864930136947583;0.00263292129104202;0.0017507471729059;0.863842642607656
0.00296528971775523;0.0409830053966522;0.258045930978688;0.0499701627393179;0.042209846575264;0.0233690750091192;0.0372129408230461;0.545243748760157
2,43E+09;3,35E+06;0.01175267388866;0.00876643442236756;0.00336844048794056;8,89E+09;0.00061811527447005;0.975381105263867
0.0173666638058658;0.0276171483030799;0.141633449564198;0.186727179686234;0.0742446907518838;0.0355864898449253;0.202130986754345;0.314693391289468
0.00778328945691757;0.00423516053278322;0.035243823459402;0.634452443474081;0.0102510296533544;0.011935339872957;0.0134851979565872;0.282613715593917
0.000251149487764834;0.00186409989440771;0.525176289262225;0.143780382455887;0.0748016756898212;0.00650285289238133;0.0359081392438966;0.211715411073616
0.0101620213740925;0.0126414916272016;0.0646473703081348;0.0782211472143187;0.119028397310138;0.0192136954775889;0.150877513549232;0.545208363139293
0.00132644130348842;0.00564341664144967;0.112996917863699;0.066977510568992;0.181092689164469;0.0147713668404635;0.331907131362686;0.285284526254752
0.0306423327196462;0.0500806888377186;0.168478098782363;0.197548250775695;0.0630120786638747;0.0749874260440128;0.0267280598745375;0.388523064302153
0.0255582816107048;0.110828762351668;0.153055682790784;0.0622587191363736;0.135147611608948;0.0540790759641246;0.0843194500022359;0.374752416535161
0.00106294405658526;0.00683209973968671;0.169201778738973;0.319451082828018;0.0799763465265647;0.00366422877144671;0.042689306616255;0.377122212722471
0.0166754303122154;0.0590062373061146;0.222687489519956;0.117017239313862;0.153715749425292;0.0881160609178398;0.0609640747838927;0.281817718420827
0.0343231840231658;0.1162700006259;0.169869608771098;0.0937718846010221;0.0843236036446802;0.0423227960772698;0.212833228957135;0.246285693299728
0.0016703398392537;0.00116780597489145;0.0697487867998807;0.261659021185456;0.0105163192602312;0.0034945468061946;0.503186394243864;0.148556785890229
4,65E+09;0.000264952491743553;0.469622235463168;0.00810472395473436;0.0554482854843035;0.00176578298961089;0.0752046484950488;0.389542823906614
0.00485972540658574;0.0642404292869026;0.103835364803264;0.00688161442956877;0.0310894800935263;0.0668231230213084;0.298329507330717;0.423940755628127
0.0139916916920025;0.0416582786742764;0.0548448149843372;0.0418916808952809;0.189982076112471;0.396958293434315;0.0350725940254517;0.225600570181866
3,68E+08;7,06E+09;0.00392189312661;0.000179896951564401;0.554576123353512;0.000249869693257307;0.0887137542837307;0.35225114181083
0.000558768344090775;0.0372961919487899;0.143304285183184;0.0237183438641855;0.134062544808163;0.00155212209432161;0.01452636887243;0.644981374884836
0.0136122233874626;0.0101781093339329;0.117788894023895;0.105743670787988;0.155197475728177;0.171287212414701;0.0476714504938388;0.378520963830004
0.0155111534818429;0.0150326730672551;0.0111011403978762;0.0579112581727344;0.136580130192276;0.309227562899641;0.129323665335529;0.325312416452846
0.00846280242141937;0.00266657615197423;0.297253868651798;0.141742618482698;0.255337899564829;0.00732522668695123;0.072870804857908;0.214340203182423
0.0380053536994229;0.0114730225068898;0.0609670617566137;0.0743123137843075;0.343554258935474;0.0154740826998588;0.00943900853218699;0.446774898085247
0.000344647994769831;6,97E+09;0.00694950701849394;0.0322752143240855;0.108208240093384;0.00398843956740805;0.00284248445884482;0.845321757558175
0.00531900457412488;0.00463489460017271;0.117150678081315;0.0803723993420961;0.299488941841269;0.137174300380966;0.0515267686219618;0.304333012558095
0.0187416506917538;0.0154413648853466;0.153005550820974;0.0778337361255122;0.045736858846004;0.168741585929561;0.0729773537629359;0.447521898937913
0.0234274279319801;0.0164726565673969;0.183642377118377;0.22449156994989;0.0874016478878144;0.0441649433337496;0.188394659404343;0.232004717806449
0.00414364508199951;0.000915536884843606;0.0511648713856469;0.145382091052513;0.0677092216498909;0.027660995956729;0.0644746215675972;0.638549016420779
0.0139421061310886;0.0261374206568364;0.229063816276085;0.0516050097314711;0.0600646360483043;0.133445049840695;0.113607110064271;0.372134851251249
0.00549157643829558;0.00336573490908818;0.057383435184326;0.236964795034554;0.296603263310526;0.0271586625707917;0.0806532993329525;0.292379233219466
0.000593270832101102;0.0325377423413255;0.366629033135988;0.0179051016674161;0.00438620270037797;0.0348474699447812;0.242885259467759;0.300215919910251
0.00389426634624477;0.000205838344150592;0.604917118438882;0.00522320637215541;0.0714465075042429;0.033413938249527;0.0376798462214646;0.243219278523332
0.00180376898499327;0.0106015875940839;0.19395716608522;0.205837262308507;0.0126403880044511;0.00372002179573809;0.0265559428246185;0.544883862402388
0.00117039757830969;0.00666995832142018;0.189511681411586;0.257601474177658;0.0354985911948256;0.0246431554890207;0.000972645772791472;0.483932096054389
0.0505855777836203;0.0229025578238918;0.104513713552736;0.0927064735984653;0.182757150713584;0.166633465591318;0.0627139104955817;0.317187150440803
0.00794830503638376;0.0141407245769805;0.106710833180456;0.406342133162663;0.0271811140665568;0.0786461744689862;0.0638509710723635;0.295179744435611
0.0020522275049551;0.0261261726076078;0.135520919977605;0.0586975756082481;0.464412757632109;0.00200225485668926;0.0486827195811261;0.262505372231659
6,32E+09;0.0106337828696875;0.108258719437069;0.0865068885676042;0.00970056530695098;0.00875857565999044;0.0755080093003688;0.700570231688586
0.0241275169454897;0.032079260006255;0.0902370537626798;0.0904412941181638;0.263953975726446;0.0784088203613098;0.0816806835923006;0.339071395487355
4,64E+08;0.00023580620322466;0.00171483582571427;0.114575079478046;0.463214485993635;0.000841288519751531;0.0807417202154534;0.338672146563777
0.00414324061785459;9,00E+09;0.00127924492742276;0.0147172552741188;0.0601923250414509;0.0033933684849769;0.198509326651066;0.71767519816952
0.0197012972471725;0.0211796071348328;0.110395756935443;0.100034625461974;0.130798834650233;0.159445796245752;0.175817066004331;0.282627016320261
0.0257126845429778;0.039788040975293;0.242721411988842;0.055513616642663;0.056412797061831;0.0547149288639142;0.214814848292726;0.310321671631753
0.00191334647838022;0.03036428155037;0.230918225463107;0.0637662119680119;0.201098425658711;0.0608630637030302;0.111767204965708;0.299309240212681
0.0256679069447494;0.0117789412553968;0.181979612507621;0.173483001027237;0.0250296463291064;0.0513227911850664;0.0935685014972604;0.437169599253563
0.0077223183082955;0.0251309306919677;0.097832407160723;0.0697893506550899;0.205121603008619;0.0587871139283605;0.14973243210474;0.385883844142204
0.0173043147434751;0.0277341218991746;0.0447497267236651;0.0932282982502016;0.153613068970933;0.0833224535817351;0.270112690396004;0.309935325434811
0.0421690063155918;0.0444654898850738;0.0781081071935013;0.105581044480727;0.297206976625361;0.0965189264539056;0.111888326628776;0.224062122417064
0.00869961358776112;0.0342053028212037;0.0729845143557783;0.0697925287367195;0.396048016034089;0.114860941380952;0.0508004900670217;0.252608593016475
0.00411644428005015;0.00964383273992184;0.0613763704794517;0.0203630790886496;0.310400399250085;0.160837561988011;0.0217234005374915;0.411538911636339
0.0182539984409054;0.0941496559699786;0.0457713272959265;0.187225684205172;0.0877373144897513;0.0692480868258255;0.0911677658531627;0.406446166919278
0.029146964092475;0.0516405937960226;0.300202398267767;0.104308505827876;0.0567616790103683;0.0525211567957216;0.102143976317052;0.303274725892718
0.0325637339240751;0.105157282315699;0.163599535534431;0.0421860625190238;0.095494324977542;0.153491202596585;0.113938980755761;0.293568877376883
0.00700185069031798;0.00938365943419798;0.218771112568753;0.0362024002151254;0.214282936945057;0.0451053642616466;0.0240075746173926;0.445245101267509
0.00221079943016288;0.00129425426675729;0.0408246569705963;0.132750105805588;0.260391300275238;0.000933334683403051;0.0112328756871982;0.550362672881056
